1868
3890
3120
836
2963
4708
630
2714
638
3319
1314
3581
1372
4364
1801
2292
3256
1800
3340
2414
314
1499
326
4567
4476
301
1040
3795
4009
1994
2465
4922
2015
3425
3040
4163
426
1628
4987
2857
4704
2410
860
1702
4091
4402
4926
575
49
4418
365
1729
3649
3370
2032
4953
2220
3802
1086
2586
3893
1163
3285
2604
4378
3349
3579
4504
2729
3046
4256
4944
3949
2660
4328
3066
4268
205
325
3688
1941
847
3882
1052
3503
4294
3588
4425
610
3947
3443
791
4777
2895
3527
3073
4848
1999
1954
2242
4319
4855
2456
313
627
3500
3092
570
4080
4724
2516
4672
1267
2596
4499
442
2187
3358
4760
2899
4503
2737
953
1067
2282
504
4706
2272
888
1978
2630
3825
527
733
3847
833
4356
4699
601
4889
4592
4716
497
2877
691
4021
672
1098
3259
3246
3203
1326
540
840
209
4022
3759
647
3540
2426
1714
3127
3107
1384
4549
4617
3638
3706
3694
4791
1033
3645
4473
2357
2531
1958
2297
3216
1862
4745
976
3620
987
768
514
1434
910
3834
1282
4778
2388
2647
2254
2261
3005
221
4729
1616
3953
4678
4281
4192
3616
709
3533
2945
218
3141
2438
1668
821
2823
2089
4999
1
1127
3030
1840
223
4107
4776
743
596
842
1953
2581
2846
2195
355
1156
3629
1612
2705
4338
4521
1579
1199
19
3927
4949
4056
592
15
2687
662
951
837
2921
2184
4965
4992
2992
4218
3720
398
3830
3568
1062
1963
1442
2477
453
2636
4100
3047
2071
2659
3756
1849
2542
1962
3902
2150
2165
1206
4978
2134
3258
674
3020
2045
1511
369
4492
3905
4611
4322
849
3196
4532
2587
2332
3850
4307
4077
2316
2346
63
3381
1048
2888
3933
3903
3634
4396
1458
4209
1007
3402
727
4352
3544
4952
4059
4803
2326
3240
4799
626
835
1555
1462
4302
2519
1308
34
652
1483
4365
3374
1500
3345
4312
2104
3758
1142
1261
4000
2616
3937
3672
3012
1190
3391
2543
4781
3214
3068
2493
612
4430
4961
640
4288
1232
169
2047
1072
2591
4340
4538
2703
1626
1439
4607
746
1108
4249
4433
4801
3633
4900
466
1787
4035
1380
1896
1065
386
1283
3428
811
2031
1734
3653
3419
1620
4765
4738
1948
1337
700
3624
1686
666
1710
4688
874
3564
2191
3774
3651
3437
3916
4897
3015
2639
3004
152
2742
151
784
4840
3944
318
4160
3781
3654
4083
2148
4990
683
1566
866
2090
1534
1016
1945
4446
4217
1542
2584
3934
1305
4967
2892
4811
744
495
3090
2057
3631
21
3569
2019
2749
4870
1883
3627
2592
1145
288
2082
4111
4659
756
1183
330
558
4024
3639
207
4601
3769
3630
2847
378
3078
3985
3229
2373
2941
3408
3132
2869
2224
1140
4993
2514
437
4906
4650
4235
2776
2329
3832
4277
761
2243
2973
3870
1615
319
1204
4222
134
4358
4520
820
1859
315
1863
2348
2839
1760
2625
4374
2896
4436
45
3939
3270
2207
2689
819
4514
4
4399
3922
2342
2991
1996
2369
2553
850
3609
3330
3705
1597
4236
388
2211
1338
3498
2450
2557
3667
2983
4070
3332
2063
4071
1107
4435
2277
1998
2280
4786
988
2763
1000
4078
2602
3123
774
4655
4146
4539
827
886
752
3787
1431
2018
29
114
3329
1128
3134
3033
1614
4808
1820
1892
4462
4963
2106
1347
4573
945
4790
284
1513
3504
1783
2937
4141
4284
4540
2530
4296
1359
4995
4478
4287
3315
2037
4317
4097
2411
3743
624
828
3171
353
13
4405
1891
3917
854
4062
181
1430
1532
775
3591
2820
2407
1674
3057
2164
1759
3165
2925
3238
123
839
711
3149
3841
4204
3421
4181
908
4912
126
599
3231
2443
172
2158
4084
1894
414
4196
4640
168
763
3396
2050
4603
4871
4756
3302
4610
4197
1656
1012
2996
2565
4989
2080
3172
1672
4669
4552
632
3052
3448
2607
3839
1819
4178
3725
2736
3114
4972
389
728
3482
4507
4088
2497
3407
1571
4316
4225
2452
4415
2867
4984
1274
3835
4206
937
696
3587
1409
1607
310
3311
1629
2887
2505
1340
3874
3585
3211
3843
2770
3422
981
3863
192
2774
2734
3998
4055
4102
787
2022
4530
2635
194
2976
1593
3108
3295
2755
1971
724
2334
2401
3970
783
4442
1725
4494
4349
4810
4605
1901
1070
3331
1132
4003
3201
4863
293
2816
376
3463
1241
3215
898
262
2627
2654
4895
1647
344
1352
3083
4345
1329
268
2053
852
2790
4193
1812
4727
197
3884
2969
1736
1172
4534
1543
2203
3550
3148
2267
1523
2538
3142
1517
4542
4044
289
4272
4752
2568
653
471
2271
1669
1528
125
40
2802
290
4474
506
2422
1969
689
3523
228
4116
4379
4154
2588
3823
422
4485
77
4894
3685
4609
3885
802
4684
4089
354
1133
3826
1201
127
3138
4025
156
2801
1582
2069
2382
885
1796
3317
4323
2155
4305
1731
3359
2608
1125
4481
4780
3702
3959
4122
938
2811
637
695
4188
2103
2838
3535
915
3462
2417
2814
2995
4158
4199
3945
2791
1636
3112
3234
4491
4054
1230
3096
4344
4293
1276
1395
3018
1572
98
2350
4997
10
729
1911
1557
3561
3555
212
2466
2312
1871
4359
3783
1167
3077
243
3727
4695
3409
2335
4076
1639
773
952
2380
1268
1770
2328
4868
3355
42
3021
1173
2868
3244
2831
1363
3260
2854
2263
4565
1134
4974
4001
1494
396
3294
255
43
2747
4086
3854
829
1421
2794
2917
160
1063
3065
3199
2088
182
2521
806
456
67
2785
115
395
3563
1839
725
1667
1804
549
2879
4130
2056
2650
2562
940
1724
2464
586
3942
336
4038
1943
2241
2807
2612
1700
907
3301
1675
4052
3573
2933
1387
1310
1390
2771
2536
1465
3987
3611
2849
3642
1292
3273
1189
234
2984
1556
3386
265
4582
