45034
32760
38484
11976
6612
35437
14856
8124
101
19469
36454
36318
44800
23083
36520
13270
35746
35911
23193
46183
23903
28219
20875
33758
46111
48809
47913
9044
8762
991
49353
24316
14314
6566
31814
45209
3305
28330
18243
446
5092
10754
13406
21730
48196
47815
16551
21850
5151
19855
18318
44937
43064
44137
6135
21562
47557
29301
47424
28810
2216
27463
42504
16012
37451
15486
174
41136
40641
21607
962
37844
6576
15
28644
31329
118
26593
38679
17460
47115
19668
4683
5337
31010
49902
17810
28752
27167
45005
23688
1879
39161
12016
17126
1163
5297
14293
41017
30440
7379
17545
13816
47139
14597
6980
44905
36461
45920
17278
27821
49129
3676
36442
6799
12639
16758
12536
49407
16183
31862
46818
37178
18554
49251
49098
17869
37218
12922
6728
9317
16812
44468
30623
39772
37897
455
45265
5275
23393
42306
2717
12122
7148
25526
12933
29248
8733
45499
36726
35407
15381
5203
38083
29453
30728
3200
16888
39878
8646
1464
13539
11047
44304
2238
19088
12538
27533
15434
3839
6558
1720
9038
41180
49021
850
21430
6510
11584
43482
49915
19574
45253
26075
8571
32293
44089
42769
46075
35205
25196
47846
45725
2688
6976
28562
39284
31973
46709
38726
26549
25830
9897
28500
27582
43559
5428
20242
4256
31505
39043
19901
45301
26699
36054
5444
30007
12858
18743
3532
39171
23755
44443
1114
41026
17773
7672
11038
15155
23908
44005
24928
21280
4368
40412
17559
49156
39586
29087
17583
6944
4486
15551
41032
30774
30344
49877
25783
38925
17146
25575
671
29624
26281
35752
1660
48989
25266
9254
33218
10766
4321
44268
3312
25329
44374
2997
5040
29795
36904
27193
37710
30942
41109
37355
12279
49195
39807
30657
43845
44440
24934
25212
18242
41238
13532
9882
28610
39898
8013
11606
44500
5702
989
46669
39429
40187
9896
41107
31944
19882
16226
43461
20250
42770
33299
41074
25758
493
27023
17210
29115
27938
35806
37537
47056
23293
26476
43126
21796
10571
26436
9047
46809
8198
4904
30786
48789
35912
29058
27410
15846
42829
1711
34440
25370
41674
946
31739
24279
48252
42952
45163
14036
45179
19204
16085
19537
39244
30944
40004
38941
16262
3188
31153
37108
22803
8902
39692
757
44872
3219
11298
34018
16329
44732
47034
1014
42737
46337
8712
49370
45752
3196
43467
406
38805
48216
45695
42
3730
34040
1696
42549
13533
22281
44054
3052
15888
22982
42110
34460
2134
10982
36512
13097
25446
25036
48701
36633
14091
10728
36400
8134
37103
19693
25270
13705
33429
49605
49062
48354
20733
35581
4870
35350
23696
33831
22119
43591
2364
13417
4244
14342
15573
677
45165
49787
31968
47052
37815
45070
44326
31108
41809
44967
9167
6475
10990
43336
26111
41391
2996
35909
9514
46106
11097
20883
10129
47189
6932
23966
43751
46574
1956
5794
44968
26800
26482
49093
1465
18264
42673
11317
40481
20456
34207
20598
35780
35313
34250
32221
22861
4752
33624
13908
34934
33731
3467
30820
11178
3985
90
12644
30067
23126
43035
10995
5873
12091
16029
12663
3214
33542
48296
13308
34014
30849
5659
45173
809
4229
22111
42623
10970
22986
40623
30436
47382
11486
48972
43582
34201
1406
36079
43081
37566
38061
23247
25786
25393
29746
6170
35426
13954
43585
102
38328
7305
45003
38596
16202
4802
16906
41085
4586
21705
27366
8000
10359
16513
4675
29651
37758
35356
33834
13658
48149
13886
36024
29391
46918
41698
33395
3799
41289
9384
38968
29961
20921
10725
4595
30314
31568
29955
40122
8397
31660
16344
38582
9457
31161
15299
48334
48794
13534
15840
46139
26970
45303
39483
33869
16870
46827
6172
21613
16238
2010
22233
36334
49024
35076
29546
23510
28085
43439
22805
6224
15768
17284
18870
42436
20654
16755
5648
4505
23376
7366
24473
31539
17186
43598
43056
24963
20561
12367
6894
20343
37532
15050
37101
38511
18975
12337
7926
4181
43132
20613
30716
43568
10138
22211
28032
28290
19910
5750
42237
11027
1537
902
3511
18488
28640
16190
26305
3354
16117
43644
16981
6047
27967
9417
40
16468
34374
44345
14378
20756
19023
1082
27018
831
420
13803
13159
20034
4158
5383
24854
2703
45314
9733
15980
44558
32470
1154
9954
41422
44181
44224
13042
4060
31351
38988
20359
9014
45536
49578
1706
2079
43628
26617
39947
4630
22053
46276
36889
1807
6805
8976
46068
48538
42478
44718
23190
3290
35284
33889
29676
12733
29813
25741
2824
32209
17983
47387
37607
37442
30885
48506
13885
39894
3989
48644
9715
13802
10885
49805
6675
17298
34273
242
5354
4903
10404
26969
10415
41352
18142
29603
34466
45782
9790
37706
35800
26596
22616
2389
38619
8877
1209
31922
40183
43282
41292
10280
2734
26321
34598
26194
38971
37028
38180
9088
26765
41633
15055
44996
24451
47783
12240
39493
1916
6344
20423
8508
11184
48176
24937
33953
48081
434
15879
29362
47684
6399
7459
11263
42609
43005
17738
17680
14855
15399
11601
21220
12690
29488
25657
387
3911
5300
34932
45738
32184
24036
24297
19025
45248
44787
29848
47319
47224
1979
27106
30990
15584
37224
23099
32327
45287
36285
5887
49210
32124
10424
39744
17479
36670
6249
10433
46708
24037
49948
7350
7373
29560
35866
40905
3570
2312
35273
18620
32069
37158
7526
13189
25333
15222
1966
36194
41734
17870
18366
39218
32051
34325
38717
21477
16037
25372
41406
46156
44257
6746
3703
4643
30150
19860
35869
29477
36097
18423
9375
30376
9179
11385
34764
49052
4971
15583
7216
12326
20509
4850
46731
35835
23833
13305
817
30493
36177
25950
24215
9528
14655
17977
2721
14021
395
43475
19635
44375
4886
9986
23004
2136
7823
40998
13489
40717
11758
17030
28724
37529
15352
9916
34393
27138
32990
24965
28479
9264
40294
17181
12085
26954
24560
44481
23331
39201
28815
25766
43325
46304
7155
38079
23973
7308
48622
13836
37083
26087
49781
13175
15971
42637
5621
25692
16690
8942
23259
36536
32777
26502
17888
42281
40086
25417
35964
48094
15751
18655
10413
10322
5218
21424
9013
11962
47950
9236
42806
47357
669
6439
39547
15393
5937
18024
1625
33172
47774
39430
35222
12059
46598
35112
8225
43338
400
38875
24735
36096
33581
943
5069
35391
15176
45394
5911
28627
21889
41595
25820
20991
208
32578
25255
21689
48964
39685
48493
47180
44260
8453
4955
26510
28237
640
48292
6794
40652
16898
14425
12940
11611
25498
41318
49940
11208
46116
25435
48604
14397
22222
36056
23090
40889
2115
35613
24638
23549
31839
12590
38796
32622
8310
16671
6413
7822
44531
18061
29602
28776
18577
23487
7806
13657
8706
26589
18137
47286
34976
25534
34548
21555
42455
17362
25230
19913
24584
26832
5514
17066
32220
15048
23237
7402
10973
21385
40228
6541
25251
17371
36781
2809
8848
10288
3454
46958
37504
4300
15945
32668
24017
20161
24848
8082
932
44485
43556
23020
7870
24061
1187
48455
14643
29027
35764
31749
33593
46161
45007
27655
7438
46254
40657
7257
33910
9841
42288
28596
33028
25831
21707
37079
8778
29845
40063
36971
10697
41033
23562
3993
17431
1796
6936
15110
44611
22192
14784
8208
43295
10172
15242
42252
2999
38221
48966
46301
46739
34938
34371
10964
1798
49474
27680
43250
27586
45621
13195
48807
18781
40075
12582
46002
49467
35497
2864
12145
8454
31024
11792
4687
29953
18793
11748
32410
41680
18326
14588
41609
39031
20351
16668
15346
25895
1169
4625
5643
44209
47210
48779
731
17178
28447
37125
33697
4455
26471
31670
6477
21189
48403
30057
29601
43583
1996
40726
38710
16406
23428
31598
33414
6682
895
41938
33174
25803
21527
29214
26231
13188
14301
32193
148
1219
46865
26230
28062
22464
21623
37635
31393
22134
39205
49080
3044
46761
4766
45448
19346
10394
48704
35014
19316
37744
7372
30055
34571
33209
32452
25465
30660
48770
39623
9700
44491
19825
34873
3725
16526
37611
43808
43658
14998
15708
6231
28230
40822
9408
7817
20707
20492
32314
49881
24781
45919
40660
31953
27210
8445
28449
12220
46132
34263
7365
36338
21327
36407
42116
24003
15459
12501
1110
45066
19288
47031
15170
21404
37867
15264
1373
9079
834
8766
47505
961
33048
43274
28687
14802
25223
38081
28793
5925
35967
46945
42784
24570
31039
36023
10201
34569
1474
17497
24079
26971
28537
26579
3363
32030
8750
42787
16361
22643
14061
30034
20173
28119
11069
18778
49563
38918
40202
18998
36422
39046
41362
35628
41649
16509
10552
5730
12616
41710
12100
17879
26189
45453
10908
4613
34858
36617
24626
26198
23860
10847
12379
49963
4888
36113
28917
42038
44047
43523
44801
11602
3552
6175
24990
17274
44080
830
6202
42962
40708
29752
39128
8442
43578
14317
7291
28283
35683
30420
46938
29210
2289
38741
40767
15205
16989
1653
22809
24992
48051
8097
43600
9951
15987
1065
3316
13571
38003
15807
1455
3056
16644
16793
36174
10681
12476
20407
47219
36075
1155
2467
46500
5207
39094
7184
167
39377
8278
35615
22844
23585
5417
44844
2712
8658
45384
607
31714
39906
9656
18407
3035
41073
45984
46835
12452
17763
10859
24189
7830
10818
5572
32945
46712
42157
29051
38781
40699
22065
2885
13543
12491
29444
23818
25945
24468
17944
6130
33856
38009
255
48125
36453
45106
9985
12559
9764
10376
15594
48479
41657
23925
18054
37362
2805
5583
45411
37824
13108
4732
10689
40457
358
7427
12164
41202
16170
39394
10325
40413
5733
19206
30003
46889
26280
20562
17314
22722
11975
48835
49319
1071
18847
6839
4343
29585
44673
46807
21117
25087
15139
30277
17381
45059
31563
38477
35129
23743
44592
9665
5653
33920
10355
46852
45623
12373
24796
31007
20095
6802
10852
34599
49741
44596
29281
27400
2276
1851
9334
33761
14273
30149
11133
34241
28667
49755
34876
47007
14185
2256
14171
40769
24581
26259
31179
31168
3529
47097
25525
16807
16532
44840
40588
12890
1986
47186
39242
10363
24441
15997
16958
20417
39887
19541
28003
24045
1635
25943
6471
10567
33716
32254
23163
43538
27019
30675
33941
45143
43569
48929
48199
46050
538
30875
18716
14695
31239
40630
7997
17020
16738
22607
45321
14108
27663
47823
1057
26283
655
26862
24205
43727
16787
46476
40153
9594
41875
6712
2932
34806
29962
7033
26016
19063
19349
47982
28792
8615
5849
18254
14788
32360
49532
42758
44898
18794
23953
6517
44422
22302
27290
34492
6858
8974
5222
17304
5183
19084
48344
39077
11995
29652
32867
49499
20231
22268
30856
16589
49040
1759
7437
381
13331
23488
26812
46903
10251
25890
29199
11737
1328
17159
4956
9623
45324
11086
44240
5476
17849
7605
29989
22223
17611
39334
35145
29666
37992
16974
31256
1926
23581
10944
34330
4413
24235
28457
7089
44256
47892
13309
36434
21830
32581
28912
44419
20353
34161
39101
18374
14385
23836
7469
17389
37090
27529
32663
47289
36779
17153
38362
26090
13530
32988
13111
20750
46340
36589
36810
10933
35185
21518
34453
46010
22106
22064
20679
27528
42966
24922
1128
6111
48666
49587
7406
44338
42262
10533
29228
881
20127
29406
5563
25254
24655
38794
8312
33108
38474
8004
23490
36019
37971
14251
31407
34333
3461
42933
14288
17149
48738
18721
16773
32097
44231
38611
27756
43745
31399
13960
24858
11871
29846
32989
1813
24464
46580
11664
22784
33137
35852
32580
10893
49124
34305
4848
30308
7795
18292
43268
43322
49689
10910
17882
20426
36928
12444
11745
35962
49743
10362
631
8194
25711
14168
3498
34271
27762
22490
3702
20278
5868
43888
15696
13599
20336
46996
41826
34300
8252
1859
42813
30261
5858
248
8718
1662
7399
9424
26949
5295
18367
31317
48530
17095
47101
29262
7584
30306
1738
16879
23815
33008
18569
19177
21978
18983
3808
911
1361
26314
2409
48283
31226
29774
17922
14292
38924
30132
35417
26077
3554
43896
28850
34240
470
13799
20662
25568
25168
35847
19684
26791
28028
23792
14372
12504
10171
38245
24514
22866
38206
8385
46875
8901
20362
4189
2987
3029
3623
4443
26301
32036
43380
1349
40755
49951
36806
5427
12778
19563
26458
2518
42899
9399
45148
10506
27384
924
2581
9718
20338
46952
16234
4636
34227
35440
18837
20065
7356
15876
49569
13970
25064
43244
48043
13685
1514
1040
48391
15466
22182
1249
14558
14128
12238
7872
22670
23231
20604
41319
12603
43438
8767
37215
28545
28116
11552
34683
31783
27338
49309
45985
2307
40341
13087
13245
36597
5256
40396
10337
34525
14356
31301
44199
20687
36241
15359
6015
25413
25763
33085
39428
6950
34324
36984
17929
32242
26995
20594
5527
35605
40979
8906
6595
15490
41669
14138
39748
1186
15369
45614
6051
21154
37771
34238
11987
6151
49851
43309
695
19343
35524
19558
45208
33692
31716
40047
49321
44597
38035
44033
31242
22348
24130
17212
1601
18795
19674
17824
11363
28048
36143
23272
4017
17281
2347
17809
11318
18547
45030
46411
42290
45132
32214
20252
4364
29741
33564
9479
8264
16901
16299
40178
34655
46741
6063
39858
23540
15936
26
31291
18418
46645
12180
13444
32720
46427
41445
45334
18134
33784
45707
46250
26184
42988
23553
49921
43518
7466
23161
44953
12744
29321
38927
43856
39202
336
39859
25513
32176
14275
31422
21762
19344
36300
17105
10494
6628
30060
20729
27788
7045
44904
25567
6784
29092
19571
44238
760
19591
26708
44869
4503
39854
14742
46720
18501
13449
37226
32071
44907
3211
42686
7185
19293
23402
29329
33872
40249
39011
4197
269
12463
12892
1861
27592
8018
12008
2109
16766
38978
22058
10439
5820
938
29207
30295
44532
48080
15891
24485
33203
14903
43075
3603
26558
26501
31257
8417
41888
25484
39019
31041
32422
19733
1917
41917
32832
42011
13403
33324
7156
17467
27449
10991
11278
774
30416
39968
35944
26584
37229
29627
14457
44196
12053
23671
3638
8675
36149
247
28412
18050
18069
7990
20754
21876
11379
12653
14153
42501
5192
41327
21381
48603
33109
48091
7316
36647
23851
31662
33383
24099
683
36396
22079
22788
36377
1963
6659
26417
15588
12951
1179
49920
37417
13184
38884
3328
11791
30714
23369
20307
3106
24371
2129
39127
14130
29668
1555
9887
11354
38233
8551
25840
13737
45313
25971
22117
1332
47169
17910
42494
2423
25427
22934
31294
183
26587
40265
19236
43212
32195
41080
5187
11079
4280
35239
15330
8046
25021
37903
19433
39813
6337
4119
34783
5930
8872
5955
24859
16530
16066
12221
30863
6841
23047
35958
34747
5917
18490
11506
27252
4264
11482
41836
4571
19887
10632
32042
5099
42849
36484
7858
2960
42947
17985
28760
2000
13040
14895
8879
28423
14048
5130
49582
31858
6196
30952
4069
10503
46379
1655
31972
26089
35338
9746
38991
35225
46049
2321
4199
40824
9997
46325
34363
48235
40284
8630
24588
952
24072
17941
17789
30448
19295
42983
48425
48948
15555
5091
22357
25616
42809
390
47532
29300
29590
622
18821
21701
7784
670
27309
29390
21620
5847
1752
48115
30844
46858
31466
20973
49798
37602
43976
33930
40327
48692
12064
11296
11301
13034
43449
28095
19689
21474
19508
803
29719
38803
34652
32045
14105
48612
14381
13796
35478
28001
43050
43565
33088
11863
26149
11888
48621
7555
13897
9889
18623
26722
36192
39078
36255
7697
32305
34487
7803
25228
14569
16615
9464
9403
40049
5124
34183
46006
42189
31279
20005
37238
49667
29876
18213
47825
41216
18652
8497
12789
41334
36816
20468
24640
17427
36402
27026
27727
30377
7283
20451
19937
14594
13795
12579
15549
44943
8938
13645
34787
13483
33982
28450
20326
5121
3710
33579
45230
9880
13206
47729
39680
17103
27622
47564
32855
27406
23785
38208
3113
23045
2853
12390
13675
7866
29844
23700
34140
46973
323
1576
1151
17976
46825
28626
3073
17984
47068
49982
41602
17328
33460
24102
36954
24807
43590
30280
20972
45308
28233
35458
17938
11266
20686
17098
37518
23016
10189
42860
14257
11072
40216
12484
1788
27376
40347
22083
35385
25922
28857
22224
17593
15091
24795
32725
26704
6311
47173
8546
30350
33382
6663
6629
48912
11333
45
2878
33207
40179
9430
48095
9210
18421
43006
1521
3072
47492
1533
42418
35665
12380
26012
3598
10223
43285
8584
48706
31838
1165
41427
20221
9373
29098
24885
11640
25378
29551
8990
19738
16331
36172
9845
26947
42884
10185
1530
14270
43395
4115
26522
33607
8780
42399
10076
34993
26096
28277
36927
37150
47787
17310
17755
39311
41023
35498
27126
37695
1947
379
24777
22502
32251
23858
43018
35218
44816
5288
10667
11467
43455
38961
19520
46917
12967
37263
28532
20101
48495
33653
38357
42084
28834
11648
49854
17906
39302
5135
24174
39909
49602
3104
6263
27453
35894
47931
7048
30978
7846
17962
44159
32630
34766
3126
34051
28789
37665
12259
26574
9561
18601
47444
38401
43139
49385
27105
22950
5319
45361
17743
34632
45732
22037
20531
22009
45708
25949
26930
21378
23855
25823
25065
48427
45714
35574
863
27125
33840
17842
38751
29576
47798
3111
21672
36974
34981
40375
2913
32256
19029
37396
28952
14743
46261
20079
14069
2440
21205
42320
35625
29040
605
1829
31490
6261
40698
25921
10178
44897
47481
41950
38913
31833
49847
6755
854
21181
13344
32947
1258
2015
4392
6495
15865
14196
6869
46456
3240
21636
6059
34650
43013
9631
30935
4286
33945
31506
37100
17158
17735
24731
46584
5617
5901
14366
22728
23762
45296
17576
33612
9096
39432
22636
500
32020
25675
1582
13810
35541
27685
41339
48469
41538
32000
40982
20229
37291
11652
13721
3387
26039
6207
14482
13007
5293
26099
16630
34733
10792
30583
49957
36428
42850
14906
32082
4529
48753
31342
36063
36635
25202
27651
40690
29156
32861
43176
24902
26497
25684
15864
876
21044
30881
47475
46434
3169
23062
39237
16922
8476
11523
22086
35103
42883
6171
31948
38125
5795
2391
28039
15461
3151
37435
40694
6094
11627
11326
21418
22248
27614
27612
36856
47580
38346
20193
10047
40842
46063
32439
3054
26650
19814
4494
1054
19279
4023
46428
35059
1133
25550
48796
5539
16705
39137
35729
43819
13306
21393
3016
40781
4855
33563
2837
32174
34022
17833
27984
24905
45344
45949
12738
11857
49161
9620
23154
18473
20148
9672
12846
25846
23693
21609
3345
8353
10222
19967
43868
16323
3371
29606
33965
12451
32296
9242
33613
34808
33538
6532
19274
19294
7664
27235
19908
43824
16036
30249
24906
10959
17892
13323
27627
43329
35633
7587
19680
19796
8502
40114
33661
44997
25877
6065
42005
15800
11924
44498
2031
26644
27798
49072
20874
20452
32204
9558
30471
33198
13117
16510
19757
9163
31118
38356
24823
15189
1030
47246
27331
7975
7447
41854
13546
32483
47595
46083
9900
24707
45854
37246
22672
46164
35128
29258
45838
2488
10715
37274
12814
42276
15058
28452
46045
15942
22114
12414
16154
22684
22082
18522
47445
9060
9462
14215
28071
10284
38730
11199
2825
16031
15223
4996
21666
12627
17953
8914
14466
34258
39044
29917
39280
30011
6122
11122
33161
28172
12330
49240
6711
3551
47789
11315
12309
48342
1102
31699
4424
47747
27947
49760
8862
26013
37169
32094
10020
25746
48747
15045
17492
4721
25425
48032
29852
20215
31419
1161
26779
31303
990
23
26921
8968
8293
21348
29563
1123
30571
15268
48165
33627
38467
16500
39157
8579
14083
17511
33973
39024
1188
27990
44293
21013
41486
41551
25387
42163
7260
31691
35566
36022
22558
33534
38457
2004
21856
3353
42763
3814
42555
5542
10077
14291
10188
10976
41739
39761
31644
43732
31696
45847
16618
11988
38787
44921
2018
14992
7837
40207
28495
31887
31252
14305
9102
13113
47706
35257
37585
28836
17190
13153
25102
11894
34113
22852
23961
28007
3295
26072
29343
45491
21598
22254
42872
31713
16745
39184
42122
23839
48297
25018
8797
33902
5499
14542
20653
49332
4567
35415
34528
16946
16544
16768
27982
13215
38060
6956
43062
39721
45338
14412
40851
1264
21391
33112
883
32103
42941
38667
22183
29957
40367
33220
9796
37199
41397
25799
33599
48069
4247
8785
31145
32374
29240
40687
38526
37571
48273
25436
21452
23788
28573
5386
1157
23871
16648
2365
14118
7906
15662
11436
20637
11901
28259
87
39674
40476
14289
15054
6106
15289
46091
39076
42152
35690
30361
11059
10942
43681
32229
41586
34313
19956
12228
16277
33502
12388
7371
43494
14825
4829
31554
42522
19637
7952
15425
8321
23325
10803
45822
8711
42236
39183
23059
28023
29311
3526
49820
27391
37411
12584
34439
8931
20879
4893
31581
26289
7537
45928
13440
49075
45333
48637
36244
49862
599
5110
25441
47588
10032
31267
23386
35472
45779
2777
15085
12358
33372
3610
49205
32806
40489
46758
39501
4560
8323
49069
35290
43704
26774
2175
28357
33293
7009
14250
27294
44552
39964
25203
41978
27131
16372
9815
41593
35172
29124
32073
34361
49267
5214
23578
12782
29902
40675
37104
7063
784
9857
21985
10666
9415
30551
8383
994
42006
44848
43633
8064
46162
6714
41476
13642
11803
47134
6775
42888
36602
19022
18575
39304
31202
39671
1908
38166
16155
39672
8106
13732
11106
28708
40222
5852
1307
17406
34531
25143
1842
5995
33095
9169
29131
34277
25169
28906
32927
11952
30670
18382
6850
14584
43729
10295
2937
16861
10250
8822
31283
30197
2619
29274
3718
11899
2762
5292
5388
29734
33818
31083
425
20529
8052
11538
105
25307
36499
40116
20851
10740
22189
21631
16977
43481
44942
9128
9908
5639
36122
24381
9509
44069
36560
6203
27656
29101
12535
11013
41295
639
49791
14152
28491
18481
34063
1797
31578
28472
30309
22725
40923
12509
26263
25754
34545
21323
4270
4477
372
47692
7969
15219
44555
41694
14247
26897
37986
18999
42424
38282
3715
39750
14468
40322
44729
14676
6192
36709
12615
23365
33205
46389
27578
22124
29332
36164
19767
46299
2361
30892
8603
46813
965
3862
34647
33402
40956
24768
45648
48661
24590
29569
23254
30543
27358
12454
10468
14550
48932
49368
43734
38543
36227
48536
26661
7907
3684
49688
3943
36094
49981
14097
30707
11858
36027
30121
13081
22040
19496
7261
15856
37139
6972
49762
17405
8523
16810
26541
40518
7597
6320
32840
10707
21094
13126
14624
33790
10605
49771
36111
34136
27689
1848
41510
40486
27549
18271
48853
10212
4596
38143
19514
2319
1184
38637
2572
24044
8528
11277
11428
20046
15736
38013
48876
10764
33449
18003
31090
46392
4276
12672
48106
1712
43700
29664
33629
12236
20257
28483
26527
1624
370
34526
7368
34676
43332
3450
15354
489
34624
8588
11464
40917
22373
44569
47748
45630
14508
26632
9693
33668
41748
43192
10770
37783
11331
13864
35838
24500
12384
17696
45622
49343
24509
44018
4441
26881
13336
35044
13155
41634
35495
45154
46279
23761
40480
34658
40252
34409
18102
11046
715
5179
38700
12303
11507
24041
18900
41887
11562
17633
25214
21595
429
43772
46257
20524
1837
12730
45207
46608
10595
13058
29189
512
5036
13290
7207
44061
27411
11323
17957
18608
1051
1077
30751
13351
6845
2856
29231
34852
44237
47786
2449
30355
33297
35213
20568
10489
49875
37149
35235
39264
20054
46877
28019
41647
35448
30771
48210
47969
19311
33093
22940
11367
15089
47370
5355
42060
19083
24762
28215
22137
36248
17183
21258
31240
31856
9502
28646
2433
43970
5024
26597
16438
6157
14121
35355
38496
42839
19241
31028
33264
27488
40552
4111
33461
27624
20485
178
6961
27894
22767
27774
19395
23837
13666
9081
6555
47256
17219
29470
14231
18582
12987
14359
43851
25535
27236
7832
8269
24868
35826
11840
3189
49763
8775
15075
18004
7286
30147
17600
36582
39143
3688
8891
21152
39892
35460
12707
21776
45659
27912
17213
7616
31872
47984
42380
8730
29022
46482
39560
2415
5249
31116
37558
38288
45118
7222
23252
46346
34071
14878
36443
40999
33763
45550
33665
30979
5690
30976
11071
38283
45429
21658
31313
38852
21347
49559
15039
33140
31980
914
28174
25603
22780
24329
21877
13764
14028
3277
46617
42950
15007
31788
6647
36158
15345
35859
18683
34048
49345
22655
22441
35591
17456
29286
7039
1112
44015
19935
47252
32918
28166
45500
35435
38713
8180
25339
49863
9100
49011
18937
9876
6603
31391
38119
16204
15880
117
49861
2652
6342
3876
6849
2547
42114
33885
2072
11755
47858
1081
41818
19282
42240
26837
11206
39323
45186
10289
49187
36214
4372
10607
16600
46537
32437
12864
17770
28681
45358
47197
13287
23224
41096
35653
25285
24820
46231
4464
10299
25587
36714
24710
19181
25510
32966
4095
4329
16227
21462
4791
7878
15937
35795
5536
7860
30483
39856
16092
2635
7282
15006
36624
24881
18147
4143
38660
38469
41540
5640
18222
38280
12119
30860
19561
31920
10170
31144
28575
17609
95
16208
36310
16430
16514
37644
5568
10546
6618
36842
21612
36913
4819
46213
27440
14367
24815
28837
5164
38506
24646
13647
668
49994
7831
28665
16326
38996
35047
34634
35099
29334
28916
8666
17499
36532
31293
38134
45993
23576
40774
38952
26478
41068
4148
23328
1068
8283
47325
8949
36145
18324
47947
16682
33993
47179
1193
18606
26651
31799
47518
35977
15436
19624
31594
38865
19981
44931
2954
4213
9761
37483
4843
36542
48473
44042
32521
22356
42051
25607
1585
44781
36521
2710
4407
30042
644
4504
35929
18859
22188
44865
22529
29182
22959
15328
18722
18484
40159
32948
2417
48186
12821
2601
24212
929
28312
930
25886
44342
31415
12569
39670
46830
29889
38938
24842
47971
41801
14414
14586
13446
1633
24908
45348
15165
26542
43399
40205
12697
35064
7964
15010
38301
23814
14309
27279
33752
26818
44215
17594
20930
21156
30986
44105
10588
33104
20543
44742
32386
37559
40132
35816
36992
7607
44584
47003
15690
21853
48861
33468
14660
22588
49770
21443
32055
14192
40970
44090
26634
28568
40112
44881
15115
35007
30529
31203
16252
45054
19492
19051
41767
31891
30524
10053
7318
12149
45992
7018
3284
4063
22044
29819
4816
19516
47243
28488
3261
30392
5530
3040
49045
46324
9232
40867
36124
783
21374
4739
31392
44132
12925
30922
4185
41005
919
41963
45387
13582
45597
35954
6953
11132
39512
1980
42052
37615
40975
49717
46362
11838
11190
16023
4860
3620
26697
17623
29743
15164
29716
39250
39666
42232
29291
30526
47844
2889
4867
22139
37516
28913
25088
4147
23029
43982
11172
25639
40218
3940
36013
48166
20243
38321
46559
33994
5495
31349
4919
5050
49800
41798
5484
41120
43241
40123
45932
36908
34212
7357
47386
19919
15004
8629
28270
41403
29520
35601
18571
3773
48737
22120
5379
5501
6803
7274
16149
8887
26137
20795
16886
33847
16396
28040
344
26176
26134
35106
3394
30002
24040
40600
45468
469
29378
24395
39886
16447
30077
39080
28428
24070
14730
35730
7330
19540
44845
14615
18605
40659
35011
24585
13916
25849
49437
8637
43529
45540
39456
41475
7581
2593
16487
42002
25942
39119
13693
46571
9751
2730
48489
35151
47162
28928
32986
17208
1090
18567
14732
27083
27192
4042
30220
44635
29705
1274
38864
45425
42943
13392
9692
31
27902
42374
18081
46359
42693
15052
45048
22989
8141
5026
41296
1737
40050
16097
40104
8318
47607
31058
21968
24106
1232
6496
31322
39727
47603
26989
11423
47017
9653
21084
44776
30136
10274
29609
42164
45807
41845
35050
20990
7536
48937
2052
397
19735
38725
9912
38220
14860
34334
34252
45081
34260
33757
7976
608
43214
5157
23200
18887
29853
42942
26345
23856
20751
11353
24150
22900
40033
24513
38673
5396
33740
74
26590
1213
47250
17435
3640
9777
43835
39567
31652
42638
377
43631
14400
32946
38240
36429
42200
1396
28632
29992
19873
10622
19708
26520
36068
35181
24510
42989
31741
35972
35397
44805
6025
39839
3412
24988
47335
43988
48567
49525
5307
47677
7341
28668
37368
27795
49068
124
48096
43215
18590
18357
38095
28368
19283
10094
18058
44648
24330
27472
7949
34424
11403
13805
38840
48654
14835
39997
30940
23845
40812
13427
22898
24749
48862
31903
26845
24011
4249
48031
3074
12562
20089
36970
6483
33354
4616
8846
40310
2082
18583
16949
29820
26217
1789
16335
25787
12989
3410
27834
27214
34436
33545
28080
25104
11921
34077
17592
21717
11986
45555
34170
18458
47375
49638
40319
21245
32238
28559
33393
15406
24323
16794
6793
19888
49792
15759
34814
45611
24267
12200
27421
21880
5908
35803
34957
49111
11866
11409
39609
39088
10408
11767
11446
8344
11
6085
43167
31443
29910
2813
4750
557
36773
28870
25227
27078
39551
3251
44235
46266
16815
40433
23418
19242
49165
7901
45262
1512
42303
15553
36009
34073
20590
26509
39837
1507
45193
47631
17254
31509
20852
27890
19328
24810
3865
32545
46096
12986
21249
9121
34448
23599
9336
14568
40427
5414
14716
32607
36680
6012
20011
48456
38921
37204
23539
48705
11605
34087
36918
44430
46851
10321
39835
41116
48065
29059
16433
42732
9809
25636
42245
13531
23968
24375
40585
42820
10198
21647
22383
46209
36502
12666
14159
26367
40260
17818
37624
39398
13866
29249
17119
18717
15833
15171
26863
46980
43901
43107
6064
33179
30082
40115
44262
37043
25211
17804
45228
29437
3202
9410
34585
6392
44259
16954
28653
47856
24888
23542
2339
10126
39064
41931
46796
12344
43441
3383
25304
30913
3671
46704
14975
46776
46079
21780
46710
49949
38012
22769
38089
11103
882
47537
43894
32502
22070
16360
13014
13747
6067
20997
13567
31702
12866
24346
43134
40525
3168
33844
22621
4174
40182
14290
22398
39805
34941
37014
18052
44313
39029
13052
20070
35560
4899
21043
42121
26410
32672
28229
47341
42575
6376
23655
47867
44012
8286
36004
48627
10786
31871
5616
34765
46298
46205
37017
24684
39045
24847
24668
28860
24979
23145
48940
49377
35521
40453
20969
40306
15269
46085
45033
37525
27220
26716
14205
46203
46080
38160
15724
45800
43398
30143
15070
43002
8979
16419
19272
33482
14199
807
47401
46769
40532
18030
44480
11512
42140
44185
10253
9680
14740
8210
31826
49477
610
47864
4807
33908
30414
39655
35227
47544
28941
33741
42675
659
27683
37360
41906
828
41984
14759
20098
48362
49835
38723
25520
38358
44811
37735
47578
32645
14480
48315
38038
29015
40277
2206
31520
28399
37289
13467
7558
28376
9279
43646
8315
26591
975
28874
47642
6898
16939
16394
13609
28189
48369
30454
23170
16119
25864
49284
41654
9853
4845
27818
10860
44344
43537
10386
35058
47636
12796
7445
953
5523
29583
10000
33766
25732
45423
9341
32811
35604
4670
26034
41945
15149
22340
40783
44206
12193
48306
46896
10043
49224
35147
25798
5866
22225
15902
9723
26085
3165
15037
33773
21692
12838
23652
42940
33404
25243
39538
49148
4745
37206
11062
33327
23404
33405
10877
34043
14392
12035
22199
10263
33503
36340
6120
8836
23174
45817
12470
38151
39578
46107
27307
35238
43871
32274
29937
30351
39789
12270
49679
24653
18896
25396
9282
30695
4997
24388
28352
8407
21388
8532
11450
48385
48617
29786
24930
12150
38184
29698
15618
30647
12036
47212
7328
28332
10182
41071
7934
45087
30563
24833
13597
8319
35083
35228
30896
7400
35093
7540
21694
42073
20218
44388
19983
26031
28421
13204
28127
1310
35733
13394
26762
27926
10664
22326
31849
18230
19903
37546
34670
47972
8970
27895
35207
3224
45259
34006
43755
40947
40135
12720
29208
31254
18186
35575
37122
20409
41909
23461
5920
32592
25629
9643
43906
24483
30144
38793
1959
31586
46881
25397
8720
44128
47025
24320
13884
49073
16397
9590
28149
22230
11505
35317
35069
2132
6713
21135
8345
10459
14220
38678
25029
2580
8620
5545
23848
5271
26719
15770
20361
47644
28466
8196
37240
35579
32464
26368
12253
32312
32393
3513
21952
9215
29351
4957
11309
12815
34339
15114
43541
30071
23392
82
11232
2451
38338
36035
15402
38420
19227
6379
9969
31070
49183
7293
14365
12985
26660
17523
43512
19774
34800
7751
24321
9195
34501
36798
28750
49046
16915
3936
32561
29550
2821
46873
24538
41119
13398
21436
43935
15451
31366
17287
48424
3843
37021
195
30193
36662
40289
46667
44638
43383
17024
27708
14983
47889
763
4425
41466
45121
15355
9296
39860
25460
5042
45553
29377
38707
37643
28322
1772
41833
35750
11283
12517
33259
42100
16701
33318
31753
23177
39315
8616
26693
43557
3460
41020
18167
10283
8690
17161
22267
37669
36664
49400
33349
36784
42401
11685
21461
48531
2165
17500
4186
22864
16216
8447
28430
44922
26147
23828
34553
45172
29782
9913
29894
4402
30333
42023
10968
3162
24794
4842
12277
14502
43542
36265
38471
16321
8154
11205
1463
30631
10937
21957
28426
7007
6540
533
25286
12360
40700
10820
6225
45002
4378
41157
12705
2988
20897
8110
25215
38629
19065
29875
20949
38269
40691
26142
34347
39296
13808
21940
46016
1894
46166
13277
4337
30457
49278
30871
21032
13833
15933
27809
3095
40896
28335
1746
1227
2344
7951
28088
18364
1699
13811
22376
24186
49737
40612
44239
46517
29767
32017
44156
4436
6229
20261
41199
7096
24258
25518
22392
36768
9508
26336
33858
1484
34257
17951
17677
20448
26887
39471
8169
14908
48631
12698
20177
9004
7450
27491
23475
18789
34863
16298
47291
36972
29777
19149
5996
15886
15710
7246
42395
36986
2225
9730
16976
40121
40025
4258
41320
43962
6876
19080
48366
6911
41506
14018
42736
47893
12
16305
1846
10256
6897
14583
30901
46182
13890
37667
19751
33656
6075
49301
19732
49064
21307
29555
44050
21315
4901
25723
28269
13637
942
10883
3497
17839
32749
27951
24687
1522
47175
47740
2103
44233
24579
32463
30080
44283
9152
12087
40594
28286
1724
37671
46201
41924
42151
37480
39389
16488
17490
35132
9983
6280
25752
21414
10008
26768
45461
8667
6216
38407
5605
17737
33652
2978
12975
46994
21351
38128
1911
21274
42755
39155
13820
36475
40634
47832
30171
11725
13089
8851
19546
27292
31626
24064
4908
48740
1156
23407
26795
25847
5863
47810
26894
12156
27354
37737
2033
44723
13558
32188
34994
27823
6206
42684
1659
14857
23046
32433
19522
29904
24437
353
35398
49706
24492
28398
16307
25975
41039
8595
44136
44252
37372
22271
19510
32232
189
11236
40557
2242
16878
8159
26286
2304
21722
34355
35580
4679
18075
11641
46677
25179
2739
5504
38225
4905
369
47592
1539
28947
32843
2906
27618
1001
7625
19389
37338
1174
36571
25514
18172
31784
46987
10932
25355
46841
43237
31672
7944
35242
15238
46616
30449
19568
9635
41989
42096
32657
18788
35777
15046
37842
49347
20453
48468
4359
33435
47875
31289
17344
39802
44743
22664
21217
8343
9150
43053
29713
39598
26413
47734
41800
22620
45247
10079
35582
10603
5274
10675
37032
31573
9392
3700
36738
22843
18286
49530
1634
45452
2496
42280
24566
2940
40916
25273
20646
44920
25489
47094
27915
45726
4173
17534
15303
7428
28359
48939
18505
2396
44204
9959
9506
27420
25197
21355
7533
24701
22882
41151
46082
34020
28581
20782
35265
18942
5102
34673
12048
14355
8574
48256
11165
32365
37909
28346
9971
2597
33919
4306
41617
11939
44084
35540
27087
42287
33684
31701
49292
8587
45045
1517
18616
49424
21101
42044
47763
45363
35412
3060
13847
16506
5278
4590
9362
1399
33586
23536
38077
427
43359
39393
28895
24966
10672
41394
17535
619
17541
10381
3386
42687
43690
47231
10165
33236
22487
44506
2563
1398
24830
37251
14873
18196
12651
35433
5315
13468
49747
17521
42764
18084
18733
6430
24790
35097
39193
31822
25695
47553
25728
48327
30296
19669
5633
29783
39239
35114
44484
47859
46202
27323
42492
1800
34589
28779
19054
47408
8598
34489
11085
37711
15837
1584
21761
47236
36488
39494
7861
6042
21838
13000
23109
15521
12995
12244
27080
45134
25571
32852
14897
1183
47781
42263
36430
27621
14628
14070
42176
4381
13174
10564
24994
44513
49047
17017
7051
3740
10527
38439
3023
25213
719
32686
41529
3984
34829
15762
1142
48780
448
3331
28288
6513
9805
17921
23979
32363
46126
9141
33296
18881
16505
38210
15674
1870
20043
23772
34973
46876
31781
45513
20619
45524
27317
9525
12278
49829
27955
27904
6923
22104
6862
31542
33864
43524
38813
12394
22652
17086
8648
29706
41666
8068
30217
36770
23554
256
6318
12104
4608
8696
24266
2714
32919
33152
34560
38331
22828
25584
6069
20224
30402
15654
6167
9394
30825
40794
10063
2642
11043
12078
12662
48075
47696
25279
38998
408
7634
22411
19527
14431
28734
3792
25968
23233
32418
20977
15630
11211
17994
41275
27923
42080
25152
6271
19093
14125
24382
7067
40438
13291
19745
30140
9314
16750
5389
31746
37833
5551
12595
46513
35930
44867
48448
13985
18542
15543
11729
9914
48497
27205
16122
11305
24536
35945
17774
47313
9471
9651
3441
7505
42323
24705
35215
38480
30360
22572
23334
46531
8714
40156
532
46985
30533
23634
15692
23734
21457
16693
12527
15941
43076
6213
32728
38200
32870
31978
5949
2708
4599
21596
17025
47418
7358
37981
31332
613
6346
26060
46105
40390
9145
3147
38779
40395
42191
1080
25628
45649
10848
38158
10268
49403
22770
4826
44488
13408
26782
3464
7080
10579
4032
2533
43218
26811
13868
49280
24223
16076
43831
2537
32343
25410
39747
11859
24013
44332
45317
44200
30301
8578
20311
34111
24243
17404
29090
27859
2067
25127
12275
38534
18293
5441
39283
16792
45261
37500
25655
35292
48587
48667
17722
9649
31624
35849
19552
29707
34929
35090
14949
14966
8621
32991
31082
29178
45309
35985
10977
49547
6531
38350
35021
37044
9752
19964
5923
32460
30405
10389
16095
38141
28394
35684
42546
49682
215
4211
21813
5725
34378
17529
36065
10073
5032
14699
14459
32734
29133
14547
27896
35135
34196
3388
7241
8654
45999
48475
49896
31665
47669
9019
9706
43981
5376
29412
45215
8088
2795
28636
12937
38387
30576
23358
15450
29611
32160
12083
36668
6750
36387
14076
45359
9618
18673
25707
3255
41576
31913
41108
25936
47663
686
7572
35167
24365
46621
30723
42182
23882
37786
49440
49594
13422
21010
26033
483
3604
6515
11303
8759
11180
7145
31848
17595
44515
41425
9393
6546
46798
37680
38661
47076
31656
190
5282
30977
28206
39118
25388
14964
12024
5006
41856
13750
43000
38318
33863
11979
45769
43102
1167
44416
44536
459
26470
9126
32552
32558
44594
39427
48162
37877
38341
46184
33571
24697
17830
12448
38848
12741
1456
24405
5906
28459
45904
38368
33926
32816
43093
9012
22961
1827
18640
38411
444
42788
27632
2135
22532
28348
40444
9930
22358
15890
43386
38192
29080
18774
45434
45290
38703
23600
2019
13797
17792
32263
28440
3819
37575
25327
33698
31032
42796
8782
30452
31971
20974
36144
47450
26264
15566
4731
24238
42090
38784
17286
47530
47153
18823
17495
18214
32061
204
1927
45930
6735
22663
10031
6005
23343
21421
4652
43544
24827
36216
24597
36104
32080
46238
12962
34691
36821
25421
40601
33782
1441
14543
24773
4798
44835
26221
37018
8422
22997
3503
25602
34736
37247
34500
20588
7639
26735
48154
45449
38878
45908
12594
24769
7484
41415
28518
40437
22657
17266
9039
8463
24809
41049
37588
39082
26896
41117
27675
41933
34913
31469
45039
33224
21923
22975
47758
26705
9945
8552
2536
2465
10597
45863
31079
34945
18920
43693
42335
9344
12572
31017
4657
27155
35648
24143
15943
20955
20711
36129
9438
39136
35951
33426
13447
41478
28063
29466
30777
4696
24863
798
38275
38118
751
29130
3071
33689
32307
6353
8329
41088
32253
30521
1182
37382
23672
32933
39176
47646
41622
38688
21237
49542
15967
11115
1703
14252
37785
6238
26369
30250
44645
40010
27776
32167
11145
33717
11316
46884
47910
35658
41207
23009
42231
32636
29756
31504
47071
3369
39452
36376
48867
4597
42774
33364
40124
27051
32075
43233
37256
21186
42571
20404
8825
1286
18013
24428
14968
3058
30294
34464
17631
3910
42826
20643
750
24404
22871
30102
934
22244
7162
1067
22337
42181
48373
16813
22152
33367
42649
555
35188
8557
10478
45801
17016
44899
7271
42828
22293
21485
23147
41839
3512
13586
44168
39190
12071
5149
29169
43025
34289
44059
674
2250
37672
48298
23205
27226
12256
27770
7690
27224
34850
49428
49905
45896
20563
44706
32501
45346
3229
17454
18062
45485
45589
49788
49913
35241
48190
22387
40172
24667
34524
43180
18383
681
17335
34625
35836
41015
823
38510
24558
32992
20467
14184
4320
13023
26775
33746
45443
1902
20345
4781
40742
2560
20785
21349
36239
2073
40039
6773
27654
19671
37889
41300
26435
17002
31488
21295
34689
2379
22035
40120
6557
43617
37983
6156
49324
45270
47057
4645
1018
46995
4922
43689
33687
9830
17309
27489
25933
48201
37468
4004
39622
37765
12646
15439
43950
30128
11726
2551
49331
18767
8495
19687
93
10162
44696
33156
6827
45580
47487
21960
47694
33670
48309
39074
34270
4925
29243
46438
23699
8885
24592
12314
11895
11853
17244
49088
37646
49123
18048
27787
40314
37447
17799
47911
48688
4131
20306
14930
46448
9605
13076
19408
14201
1126
49274
3398
34069
19131
46991
6615
17669
29113
43575
38683
743
15882
17348
26943
49427
15687
28782
18602
43504
38175
34610
17862
19494
5039
38236
12285
47015
7496
33777
19225
27889
24912
4202
6916
40897
20889
11413
18533
18647
49671
34668
12138
46983
36160
44908
4361
23104
44464
22632
39105
30320
38574
11537
7712
20115
40130
350
43281
26730
29053
24256
47389
7556
27715
23371
34656
14598
45114
29571
17367
36749
14194
12019
32024
30904
20783
20721
20387
419
41753
933
3748
8163
12341
31540
47488
25694
12415
14549
39745
29568
42917
17662
19543
32190
27576
22091
35198
28202
23085
13550
19331
11304
40332
29877
41209
13140
22942
49388
18892
40487
1143
35637
45395
4208
3990
29619
37337
12696
30358
25931
43782
17711
15092
4283
17129
4385
14190
42411
25389
10273
14987
21119
21757
37303
37840
28276
46029
47309
15374
6514
34083
4754
4897
25785
46381
15190
41679
41533
30139
23746
41846
39279
1297
27268
9724
9866
49998
41482
28684
1604
23292
21753
22761
8156
34015
14697
34635
8341
21685
15935
32842
44228
652
47967
43267
9979
37775
17233
14923
24209
21955
49325
5226
48596
20090
8612
18889
18493
28853
20844
24122
27484
23580
17697
20416
38758
47326
44660
874
14511
21339
7569
251
32995
25142
12346
5235
46534
10549
23280
18563
15571
2064
21118
38602
9127
727
27714
20760
9089
43881
11179
23129
16040
16118
15718
43379
3646
4619
6205
49287
39967
19419
39833
27311
28511
32194
9131
41364
26764
14080
32398
24458
22745
8381
30768
40370
6215
37474
2884
17602
7977
30464
47425
10544
47509
42738
27802
37990
25481
45537
25918
40399
39266
34701
32553
35107
20953
20439
25469
45783
11364
9903
6912
1099
37394
10206
44297
40962
14601
3143
18799
32302
10364
461
48938
26885
15554
12264
34980
5737
16425
42703
34944
23597
273
7828
44689
22953
40960
33335
42863
11160
32164
13148
23679
43564
22766
7715
38482
42594
44308
24855
3678
3137
3403
12493
40193
8964
14670
19695
25358
20340
37171
30451
19800
46972
11608
33037
32201
20066
1023
1171
42364
8614
37834
13441
184
28827
23497
4966
34724
42662
16350
45162
37530
27469
14236
15953
25554
14473
1134
40213
24635
10633
39321
47198
11412
26171
16380
8080
17493
35133
35084
28839
49575
30091
11455
11950
17021
24686
8830
17579
19049
16860
25412
30939
6105
26156
15375
10952
46853
44909
15931
14962
46038
17004
26761
2870
13112
7598
5063
23994
13084
31847
1366
14258
26639
38947
32629
41043
1770
8721
40792
26843
12232
41927
9272
37803
44606
49160
41983
34370
41744
6090
958
20304
39804
35275
38043
4788
46403
45657
40392
15723
29946
43216
6697
7754
7836
12203
17346
1200
27303
42113
5742
44119
2770
698
10679
34442
31655
40304
36503
25737
6029
12372
11571
23384
29906
11808
42995
3617
6397
34148
22911
10486
37137
43703
9648
27922
17299
46255
20418
43113
32387
48801
16923
44954
6125
21090
48346
25872
19615
8570
38444
27956
32088
23345
32027
1867
19607
4778
18672
21198
19015
1025
36459
31384
9507
5038
13656
30894
6508
38564
42724
44759
20765
20985
43136
34910
47621
12296
36903
10316
33554
14160
9772
31159
37539
139
11919
23798
5432
31414
7143
45671
34096
12539
16448
11630
2687
2387
26056
33124
45987
24276
13629
244
13362
4431
42148
23100
348
31807
31212
393
16368
43796
4787
16492
6698
22697
15515
38371
8998
35698
6078
2677
17754
44930
48208
29591
35626
19221
9860
42511
3043
38087
5650
38659
18549
32370
26395
31088
985
18002
38583
15364
40113
5907
11125
31811
16081
38249
48255
416
5370
46451
46519
46352
31067
21610
32798
42869
20297
22312
31213
35072
49844
41366
42816
32091
49389
30145
33811
49503
37753
21338
9391
28228
21935
18012
42127
2138
12689
47001
37778
29226
1098
16683
42523
22548
19947
7367
19972
20833
28425
2435
34414
29126
18205
20085
19519
9689
21022
37723
31771
11568
49802
30843
46673
37782
5575
36952
25618
8591
26839
8749
28197
39956
15509
26823
31309
46591
8325
40333
31249
31356
37560
47214
29176
13384
31056
25330
46483
42622
31893
40394
34009
33125
42568
19639
44245
34882
11972
18346
27437
44207
44519
37900
13875
6856
39331
15188
25531
36899
27507
27767
39874
8388
6992
19043
29680
40568
46579
15018
20640
31805
25905
4144
41139
42761
48863
26110
34194
7011
29608
1141
31114
42875
16759
28091
19512
15651
41896
15944
25252
26114
38623
39918
40927
49157
48052
22138
11204
23877
32249
45935
43651
49491
29216
3567
28936
545
25543
33699
16224
37311
35425
17758
7117
45566
26387
23430
43737
10578
33033
13424
32889
3797
3163
31247
37718
9867
41147
9765
40521
34425
9073
5163
25454
19252
24202
10462
45444
12353
49220
22323
49396
284
31836
5891
48030
6291
18930
44668
40950
2479
27298
30727
8626
16811
35709
41340
7619
47397
19576
41110
13300
20032
22926
789
25337
18757
26654
21588
20501
40624
25600
20155
641
45650
20587
42208
21587
8015
23072
14126
11657
7897
44819
35362
30033
13324
20612
10589
19076
40287
19723
2273
31914
25003
24396
7348
48262
31271
47299
6089
31607
3226
22077
25967
40589
10035
29718
40462
13709
27237
6905
12917
12267
27514
34720
2942
31338
39676
45740
1654
40197
36645
19777
27234
4622
16831
32692
39540
26409
18047
18715
41696
11802
37343
7493
8398
22087
39359
27875
998
17150
40458
21203
12676
29941
10819
36489
41036
46878
39549
1124
46941
29049
6623
19464
26559
31182
35486
38632
30621
19581
30172
17485
18425
19785
5671
25443
12480
44349
33380
7224
10671
35525
44035
19599
18420
44832
47668
44647
3571
47426
49329
49621
2408
30709
15090
5018
33899
32001
17993
17393
48303
34771
9058
687
38374
1799
49262
20762
12089
40816
32554
32650
37402
38487
15982
44823
49182
46338
12758
44841
35936
40752
15754
22202
34881
23279
48965
46458
29409
23230
35863
24145
43484
24634
18164
30987
14347
19033
9177
42430
23220
7747
14006
26292
2060
11203
26920
27758
16560
12430
1275
12764
30925
28574
34351
43907
8751
27158
3632
41212
17674
2382
17616
4024
37801
860
15233
13028
28769
21606
16003
45295
25925
21438
9465
9645
36266
26202
24650
41379
18650
8916
8984
31363
41802
45125
12852
12896
19399
22541
35942
712
2228
37340
25023
15158
35754
18170
46472
45531
32534
47350
7497
3287
13926
20700
35747
6131
38586
48305
22433
12928
22060
21926
5460
16157
19681
8259
36922
25032
45079
5060
6052
25755
13213
41991
34276
23243
48209
35618
48662
6798
20671
11447
23044
3642
22446
11710
48015
36721
17455
40415
45837
34534
19884
41464
37586
8522
44328
48995
34769
46489
21535
38949
35817
15790
34642
4537
39303
35015
31191
40087
39536
34961
23223
15020
9285
10576
36561
1950
26859
7424
40496
47381
22891
18035
3218
34137
30531
43744
19209
21584
41204
33478
2971
33519
27553
8634
30088
18188
34338
17
17826
4644
3102
2883
14261
12830
3373
8944
586
30798
17450
3857
25764
47746
25019
34515
44234
10620
11330
15565
27152
9219
4018
5119
25822
49936
43063
28314
3222
32338
54
40765
40580
22423
17926
43358
12577
7953
18331
18288
9788
4260
29364
49711
36026
28669
22751
16533
27044
29196
31866
41925
2193
35214
6489
42307
16391
22839
42993
18782
297
11553
7463
11166
41257
1337
41382
44499
11080
15923
13997
24386
866
36933
13643
5988
49199
31174
33783
49305
11811
46518
34279
44347
43318
40665
23157
26980
23380
42459
24169
31611
6245
47539
34551
48873
35152
48516
29443
40428
27179
44926
1519
40286
49579
19290
25698
20841
20717
48549
45669
19404
33998
32516
3656
1339
1866
47503
6432
30929
35159
14736
41600
42895
38919
16781
20738
8276
2718
41820
19465
42528
1707
33206
38227
14312
4178
24938
25429
20174
40492
15480
42179
18314
45637
14647
30877
20074
1427
37567
23433
1380
6162
37388
4659
12300
40279
28477
43382
34476
44352
5413
32490
9583
13545
42324
11528
23420
28886
40570
4705
35872
22637
11673
42926
22935
16875
28816
22504
46477
14734
277
45490
27238
6382
12702
38680
18641
18818
41028
36286
5537
42007
36675
43847
468
40206
22555
9420
8016
45601
32458
43074
44389
10920
10759
26794
2526
30938
20718
25552
30512
11708
44786
9480
26951
49450
1702
30304
14411
38005
8372
12887
44396
43990
33728
2071
16968
3587
15339
28739
44846
49785
31709
30300
26353
19188
45283
26152
46600
37069
48212
43848
3342
7483
13648
27240
44316
30553
2058
32131
48281
40593
36991
48232
17975
5713
10057
196
17834
32401
39701
20871
27829
6617
3824
47206
10687
19701
45720
48225
6960
26873
10320
41256
25649
36775
14739
2059
10024
34259
8981
10124
1890
48752
16145
15714
25278
17936
18519
32828
10423
27102
5638
35865
49433
38863
36703
10502
20652
30601
36654
39125
42851
10829
46735
15304
35001
22768
40400
22787
42220
36380
32331
164
21272
48411
40543
1408
34379
11585
22256
33936
47664
28186
35731
29799
9444
3267
21208
14928
35938
42495
33977
24853
30608
26805
26598
41225
5114
31743
43125
20571
32564
27058
44726
34851
42089
6824
20347
37696
36235
25997
10767
42934
37109
43094
22759
48599
18091
25423
3978
21102
37351
26820
46801
3788
28471
17707
26556
30724
25415
42298
22922
4071
23565
41713
35115
28692
17780
34199
3262
3110
31599
5420
38757
36769
21723
2578
22679
9329
49495
41795
33373
1118
38037
13584
47087
46898
24230
28609
33036
3971
32864
8625
7903
23269
46263
4198
44381
5468
6256
2296
43254
16320
25582
4780
6368
12891
26067
18615
5058
3061
3806
13222
44460
25216
19039
29684
48532
35109
7856
47609
29252
5581
13704
38920
37025
15516
4821
16951
24288
3508
45379
764
49480
6861
45610
39827
37738
13496
1858
1681
27751
14969
6431
47050
250
5912
19119
39056
34185
8731
14793
48595
19612
42613
11634
33574
40930
26552
17764
42156
21734
40658
39801
45571
13307
8911
17973
39299
49616
24148
36785
8772
34256
12522
21884
30805
5197
495
19754
16162
45675
25772
1882
33749
34896
16302
27609
5202
7838
24639
34141
31951
43182
39400
11149
27365
34135
22206
32394
48341
15491
18946
23327
3449
8432
14581
37976
10854
47849
13945
26270
2694
43124
33772
49410
2828
36
31945
35554
46219
23492
26146
47547
40043
47266
22577
23463
16942
9872
15603
35080
33774
27093
6730
6201
44763
26979
44082
5632
47765
29206
40545
22385
44017
22683
19145
47829
49470
30811
33376
26759
3870
15683
37523
8161
24090
3399
28102
20209
40245
44295
36132
25218
13230
48981
3308
19542
40753
49882
7701
38548
6519
37160
33385
28529
48634
36181
5011
34954
38745
851
42269
13825
11580
14216
45681
39541
22078
2914
33090
8063
13780
32677
41815
25404
34066
37705
24559
22315
2392
13435
17552
20775
37332
7234
31687
13389
40567
39217
18103
28371
24411
26990
39419
38170
3649
41789
45332
33388
24408
32952
2164
25455
46582
1192
28660
30532
33183
39356
47164
38181
9450
38647
8089
2731
25579
132
30719
14124
19879
7927
24261
43855
8430
45130
42373
6283
20263
47346
15973
34468
8926
9305
12912
34966
24890
42329
31381
15430
35012
42283
41567
40169
11347
27097
6507
49839
18486
41707
30316
1495
47736
46550
33464
37791
33419
37392
33898
42448
16553
9898
46247
39129
6939
47500
35888
23313
40282
39324
20881
44772
35576
39106
8953
14520
26182
29507
37481
35727
47834
46530
2431
36263
49806
10901
13165
38915
34200
42777
39030
41932
11509
20597
3348
23602
7177
49744
34054
11025
25771
26412
36325
8350
3340
6853
44834
38044
18680
29979
45698
1038
34995
6766
39738
29631
18311
27880
16416
12381
7636
594
8157
8151
41777
752
16164
287
2419
6883
14327
44565
22826
37784
48134
5627
41087
37241
41079
28182
42838
20903
30465
14976
16546
25131
12211
22280
32557
48664
13218
29665
23263
13172
13031
40278
2810
32038
48958
13506
30782
12510
33492
706
26380
11687
46864
32801
5699
27284
45835
14371
38330
41999
18145
39809
28490
35421
33199
19201
42177
47026
8728
10480
10906
33630
35904
49884
10019
15672
32752
13909
15568
35956
45974
9998
45867
31793
39181
44044
43224
28016
48070
15815
24805
6458
7643
2247
2139
11821
1860
46146
11312
967
1367
36472
45590
12883
21971
520
10466
43695
32100
47148
48880
45576
13322
20952
31857
30164
18042
5122
28295
24671
29594
27845
17672
29927
27571
3747
32628
8261
46272
19662
34366
32678
37401
31673
3275
14030
19755
21653
36824
35121
227
29183
45503
37412
32698
16575
16614
1558
5746
1747
14572
49865
20542
11224
13973
4889
41811
2360
37151
27824
20734
4184
1693
35327
13311
2418
40615
21831
48498
4588
36725
18745
17227
19851
7986
28521
39928
8908
4835
29061
46870
32875
28953
6770
9991
10285
5472
29457
2386
5584
20397
5159
7781
4120
41547
44887
32272
38277
5085
10455
49811
7883
32649
44878
29945
8857
11241
42010
45010
18497
20824
35776
2437
43162
45944
44765
16721
42472
36125
17457
34144
10804
4900
43219
31055
24012
17347
19466
17177
31792
1942
10592
17622
13879
21057
35096
2862
9143
4369
40596
32122
30592
20497
25238
7495
40165
7398
14328
33409
14650
35616
27597
16599
49439
27704
38073
37604
12597
42027
5109
20053
11060
21397
3402
39235
13703
19590
25175
46461
19361
21200
48418
47351
44407
17176
43767
20291
5981
5273
31272
38263
24062
43526
10752
19021
9639
34550
30122
8823
37943
38514
23520
606
23395
24910
25791
788
6910
19490
41759
44893
18731
22481
12396
24628
4746
5436
17355
38344
30761
20592
35889
36042
8337
1862
12713
20185
25578
4139
19189
16637
15124
23567
7827
25342
2131
20610
47465
39871
27907
37885
9423
49233
34385
24264
27619
9610
19230
35428
21897
46909
5945
6893
1250
42111
40830
27202
32468
18656
35918
35199
26191
12144
30112
34503
3116
31398
20438
3505
42433
35672
42386
15031
21886
25284
4690
35734
26623
31591
31918
30163
18863
46727
46382
17656
45367
42416
32145
30520
36813
22145
10980
41559
11957
23431
26686
23934
39773
20216
173
43319
3389
41849
3350
28239
31217
23735
35770
39166
40737
12486
7285
35562
48764
31556
15711
35957
28374
17128
40171
22168
25773
46594
2241
5825
13615
49988
24501
19531
28109
10721
31130
24134
21379
6843
11905
4271
5828
32059
7723
44321
8468
11867
40556
23474
43310
33282
20293
25965
40651
4624
41440
6946
8698
8260
1211
42653
45110
42332
18540
46602
46335
33540
35212
42440
1116
46351
24307
44839
10479
35393
7575
21959
10810
47516
42674
15909
49639
20008
8581
27190
46624
43469
49188
10837
6918
47437
31837
2285
11356
7617
36669
2351
2607
18827
28572
42694
23503
33086
39723
8172
37887
8295
17496
31842
76
43870
44608
49269
8693
4695
8564
16267
27003
11742
16045
916
44627
19436
9582
1348
2611
1985
46943
44497
35219
24914
44504
9817
4395
33017
25247
43715
18761
16355
37936
5546
3707
41226
40572
41866
16319
9491
28407
26170
2817
48381
1554
48686
29536
42202
26105
10864
48583
3964
10780
43312
26226
47323
48022
11091
49213
46122
23425
22126
30656
46323
36943
10696
34581
25096
34869
41175
15756
23077
47896
25297
38276
21177
7113
43942
40236
4330
18848
8437
15732
14879
16311
40297
26796
30251
13589
44410
16917
3543
27678
1603
44021
38948
16984
42556
31943
28389
4662
11824
13672
5509
439
20755
4031
41219
12873
157
35126
14612
13695
35891
27378
3795
11073
47756
10436
46722
7103
44366
28624
14024
1207
9217
27998
36687
10197
43184
40814
4067
32416
27952
25151
20406
10058
5332
33536
11743
26847
8541
1987
20001
8898
24327
14767
10072
32977
36909
16707
38625
32348
10329
28740
23797
47620
37202
42900
7303
10912
3028
46196
25505
570
17027
29462
11231
34613
10428
29170
3017
41699
49937
38819
33924
11092
3763
41558
5233
49201
43049
36444
42689
21104
43106
13499
36190
46019
12745
40070
13921
1977
31369
39195
45547
42533
24973
8144
27130
44091
41197
42530
6451
25031
43607
37315
37622
21679
21778
45274
11225
14729
19936
24412
27643
44553
20042
10739
46260
17477
31062
37261
1092
28879
30346
42539
42334
27094
28932
41234
24962
24967
41084
6383
37592
39192
3559
19853
45194
5773
13413
12767
12074
19984
4334
2896
385
17449
47352
13373
13220
28066
19711
26711
48320
27064
24349
1580
46283
31177
17140
4565
28598
47132
16737
16549
47294
43914
14536
34541
41044
35917
48826
1304
44900
25537
6053
10846
14375
1282
22100
24780
9010
42944
16303
16841
6554
42462
15950
40345
47177
18107
26561
30741
2334
41118
18914
47112
15455
926
6604
36417
49742
31033
6347
7579
18947
8673
3629
27450
34729
33050
24207
32212
24764
34709
45393
29375
2592
14654
11472
12619
33598
32426
17043
11432
23465
27427
41913
42866
26118
14577
31259
47785
44789
4375
47527
31459
46216
19074
13266
46886
27965
23582
12188
6829
19057
23294
3753
32563
17374
34713
47590
40599
41528
26322
36083
47497
35999
5394
35389
32834
3481
4192
34926
9838
5450
3838
583
43553
27070
29024
23115
11051
39644
7073
17262
43712
222
27033
27588
24949
10733
8403
30961
33779
15538
12025
1923
25673
31664
17501
35794
34591
726
13782
20895
47275
29434
12911
1428
14
41221
42640
29309
16566
27363
21265
17823
1563
26107
36693
18891
25906
16749
10517
33829
27667
14785
20220
8735
2823
18630
31122
17215
27887
43331
19378
35434
30130
18730
8635
19598
1109
46445
22088
27191
30366
35028
21507
49985
26689
47865
2939
42496
43003
149
39718
29897
32146
31555
9049
18151
34629
35092
30627
41557
42264
35610
22917
7874
1036
24954
20194
37216
27128
6416
43846
10708
48734
29451
25099
15109
40469
31967
38515
35857
44576
33447
39210
36182
47279
35736
27897
27156
432
23367
38838
7104
17629
25459
73
14271
29850
48130
12635
18207
14939
27229
7249
30240
47504
42823
31051
23584
12755
18249
18433
35757
5001
27957
2529
22089
19326
40405
28297
49315
1049
7003
48084
17440
45329
37254
852
15829
38953
13219
40466
33897
4671
3731
47413
9198
1069
9948
7345
20202
4656
25471
45734
45325
2090
28201
46463
16538
26895
3928
14935
22235
29071
497
42417
27801
47364
10365
837
37164
24589
35245
18724
48359
26601
12692
19928
39272
43887
47133
40162
2200
14990
20678
1020
17481
3874
24525
42201
13231
32827
41841
14886
20272
48700
28294
13318
27487
33860
41665
30412
38847
5305
24574
31382
38287
39139
27499
39407
34986
1468
13692
9200
5914
5012
10939
14035
21810
1905
46692
27855
2509
30581
5349
3327
12207
22682
16030
27272
24852
1896
3860
45469
32008
24565
2148
37657
27034
32039
28161
8079
2107
20339
36588
396
44585
32937
41973
46437
23199
9617
35339
13400
34143
37980
24713
9920
46271
35457
1511
6575
36321
29639
26183
17173
24892
25281
45750
38866
13948
22067
34254
45981
47976
39600
40460
49408
9346
46179
36881
7139
21697
6257
14592
45050
20207
36853
14403
18115
26426
45264
10691
21736
25026
39406
40477
293
26941
7038
18866
45966
24682
12534
35644
41821
5714
10621
18406
39722
13426
23537
7571
4857
41167
16151
24541
37743
23793
36776
44120
38380
27919
27642
14631
3191
27439
47145
43057
49986
13416
45218
5096
13845
5687
16165
341
15357
28800
41011
38711
5268
2002
15850
37262
21633
15552
38577
30323
42601
48817
29951
10551
18792
29711
38239
34784
36898
49452
3427
11831
32846
6498
17373
21400
8332
11350
41985
38804
21654
47895
43953
43324
3765
6670
43014
22000
37230
3768
37799
33883
12652
31785
41076
3811
596
1483
10521
29727
17979
12274
34088
31886
29540
33518
40909
24439
14619
29614
13083
34983
49657
14834
8824
23127
44517
15483
8083
36138
7412
28432
49723
21961
39112
41377
38182
15875
27104
44401
38159
24154
8814
15686
11448
37923
13698
48486
20632
25528
44807
6982
28404
9187
32389
45833
22418
17377
12617
35246
19235
23270
20140
38215
32105
43498
30491
34861
9804
2265
1823
321
44387
40627
28349
21505
11793
45823
36120
12410
19605
11890
41298
24753
19260
1253
18633
1197
36480
37257
31149
23867
2925
30175
6959
28256
33886
15272
10688
29561
36940
15156
38216
43051
45455
14513
49549
26915
16048
36724
34184
14920
5331
43287
11371
42977
43660
46485
45905
33387
30441
23468
47228
29327
12725
32970
18099
6222
17619
21890
29449
32941
1371
10867
17786
30282
33213
524
27407
25174
16962
5634
825
5485
16819
24100
3959
29478
346
28462
9682
14396
27647
11974
42948
39531
23850
10210
3924
44556
43303
26547
40538
3304
19158
42460
18836
7034
3955
27949
25753
17746
5120
30497
16529
12969
40569
47322
12521
3426
40948
24961
39875
23661
26115
40695
46365
39216
20808
15948
36782
23155
28282
1613
3972
19431
15834
34530
5409
28138
38481
17175
10686
29102
18474
21783
2146
34604
33185
44123
8947
9795
46175
40674
18369
19335
35937
22470
45653
38762
43059
26817
17136
2428
13194
11066
17875
34368
3038
40934
25186
45543
49672
16753
47316
23753
3352
37305
46294
4025
38139
36720
44501
39344
40519
42765
30974
37591
6847
24681
39332
10387
49384
4266
17172
23550
8501
8386
14760
30398
35306
47157
45672
1513
47806
25275
12009
23651
1028
11647
47415
31868
29374
8664
48295
24184
33488
41146
32178
13557
11649
37075
33760
48723
22218
633
40285
27282
24835
3766
33623
27504
10101
29823
6103
19511
30556
34735
37320
35745
30630
23329
36772
27969
38461
33638
2998
41774
18931
27886
6613
10840
29775
4207
49002
1100
31879
21330
40919
46204
14774
49757
37606
27974
21709
14442
42192
2087
43611
19050
13086
49813
30891
31513
36360
21559
11810
47938
49374
36039
31288
46464
41183
29103
39791
34549
4175
28198
30390
20320
22287
